-91.699 37.585 14.958 2.972 2.530 0.728 1.435 0.998 0.521 0.133 0.197 9.318 0.049 0.240 0.379 0.618 0.162 0.510 17.641 0.723
37.585 -94.888 5.927 2.069 0.438 0.741 0.973 1.355 0.246 0.102 0.161 2.930 0.148 0.566 0.385 7.994 1.537 1.461 24.893 5.379
14.958 5.927 -37.543 2.511 6.672 0.487 0.695 1.253 0.817 0.037 0.050 1.394 0.102 0.523 0.146 0.162 0.079 0.212 0.958 0.559
2.972 2.069 2.511 -27.419 1.466 5.979 2.735 2.551 3.045 0.133 0.113 0.307 0.113 0.345 0.104 0.576 0.429 0.444 0.741 0.786
2.530 0.438 6.672 1.466 -17.105 3.365 0.174 0.350 0.130 0.030 0.042 0.556 0.060 0.123 0.090 0.151 0.071 0.400 0.360 0.096
0.728 0.741 0.487 5.979 3.365 -13.688 0.234 0.234 0.052 0.019 0.127 0.443 0.069 0.132 0.049 0.218 0.040 0.142 0.515 0.114
1.435 0.973 0.695 2.735 0.174 0.234 -14.180 4.802 1.003 0.061 0.053 0.300 0.071 0.335 0.251 0.223 0.123 0.361 0.262 0.089
0.998 1.355 1.253 2.551 0.350 0.234 4.802 -13.533 0.086 0.029 0.042 0.208 0.120 0.123 0.134 0.100 0.142 0.266 0.598 0.143
0.521 0.246 0.817 3.045 0.130 0.052 1.003 0.086 -9.029 0.007 0.013 0.124 0.180 2.050 0.112 0.085 0.056 0.295 0.157 0.049
0.133 0.102 0.037 0.133 0.030 0.019 0.061 0.029 0.007 -1.104 0.013 0.055 0.016 0.188 0.061 0.071 0.021 0.052 0.046 0.029
0.197 0.161 0.050 0.113 0.042 0.127 0.053 0.042 0.013 0.013 -2.418 0.122 0.022 0.053 0.219 0.042 0.027 0.175 0.931 0.016
9.318 2.930 1.394 0.307 0.556 0.443 0.300 0.208 0.124 0.055 0.122 -60.010 0.141 0.305 0.595 0.633 0.303 0.855 40.777 0.643
0.049 0.148 0.102 0.113 0.060 0.069 0.071 0.120 0.180 0.016 0.022 0.141 -17.997 9.304 3.245 1.482 0.219 2.228 0.304 0.125
0.240 0.566 0.523 0.345 0.123 0.132 0.335 0.123 2.050 0.188 0.053 0.305 9.304 -43.202 24.672 1.237 0.339 1.682 0.646 0.338
0.379 0.385 0.146 0.104 0.090 0.049 0.251 0.134 0.112 0.061 0.219 0.595 3.245 24.672 -78.969 7.825 4.858 31.890 2.568 1.387
0.618 7.994 0.162 0.576 0.151 0.218 0.223 0.100 0.085 0.071 0.042 0.633 1.482 1.237 7.825 -391.517 194.115 131.115 41.268 3.601
0.162 1.537 0.079 0.429 0.071 0.040 0.123 0.142 0.056 0.021 0.027 0.303 0.219 0.339 4.858 194.115 -251.467 44.434 2.718 1.793
0.510 1.461 0.212 0.444 0.400 0.142 0.361 0.266 0.295 0.052 0.175 0.855 2.228 1.682 31.890 131.115 44.434 -242.428 9.930 15.977
17.641 24.893 0.958 0.741 0.360 0.515 0.262 0.598 0.157 0.046 0.931 40.777 0.304 0.646 2.568 41.268 2.718 9.930 -147.777 2.465
0.723 5.379 0.559 0.786 0.096 0.114 0.089 0.143 0.049 0.029 0.016 0.643 0.125 0.338 1.387 3.601 1.793 15.977 2.465 -34.312
