# bbTMall
# Lowest score = -24 , Highest score = 24
    A   R   N   D   C   Q   E   G   H   I   L   K   M   F   P   S   T   W   Y   V   B   Z   X   *
A   6 -11  -7 -10 -19  -9 -10   1 -12  -2  -2  -9  -5  -5  -8  -1   0 -10 -10   0  -8  -4  -6 -24
R -11  10  -7 -11 -13  -4 -10 -12  -5 -12 -11  -1 -12 -11 -14  -6  -8 -14 -11 -12  -9 -11  -8 -24
N  -7  -7  10   0 -13  -4  -8  -7  -6 -12 -12  -5  -7 -12 -14   0  -2 -13 -10 -11   5  -7  -7 -24
D -10 -11   0  11 -13  -5  -2 -10 -10 -13 -11  -9 -12 -14 -14  -4  -8 -14 -14 -12   6  -6  -8 -24
C -16 -13 -14 -14  24 -11 -16 -16 -16 -15 -16 -14 -13 -14 -14 -12 -13 -16 -12 -15 -14 -16 -12 -24
Q  -9  -4  -4  -5 -11  10  -1 -11  -2  -9 -10  -4  -7 -13 -12  -4  -5 -13 -11  -9  -4  -6  -6 -24
E -10 -10  -8  -2 -24  -1  10 -11 -12 -14 -13 -10 -12 -15 -11  -8  -8 -14 -14 -12  -5  -0  -9 -24
G   1 -12  -7 -10 -24 -11 -11   7 -14  -8  -8 -12  -8 -10 -13  -2  -4 -13 -12  -6  -8  -2  -8 -24
H -12  -5  -6 -10 -24  -2 -12 -14  13 -13 -12 -11 -12 -11 -16  -9 -10 -10  -5 -13  -8 -13  -9 -24
I  -2 -12 -12 -13 -17  -9 -14  -8 -13   7   3 -12  -3  -2 -14  -9  -5  -8  -9   5 -12 -11  -7 -24
L  -2 -11 -12 -11 -18 -10 -13  -8 -12   3   6 -12   0   1 -13  -9  -6  -6  -6   3 -11 -10  -6 -24
K  -9  -1  -5  -9 -13  -4 -10 -12 -11 -12 -12  11 -11 -13 -14  -7  -6 -12 -14 -12  -7 -11  -8 -24
M  -5 -12  -7 -12 -13  -7 -12  -8 -12  -3   0 -11  12  -5 -15  -7  -2 -10 -10  -2  -9 -10  -7 -24
F  -5 -11 -12 -14 -13 -13 -15 -10 -11  -2   1 -13  -5   8 -11 -10  -9  -3   1  -1 -13 -12  -7 -24
P  -8 -14 -14 -14 -13 -12 -11 -13 -16 -15 -13 -14 -15 -11  14 -11 -12 -16 -16 -13 -14 -12 -11 -24
S  -1  -6   0  -4 -13  -4  -8  -2  -9  -9  -9  -7  -7 -10 -11   8   2 -15 -12  -7  -2  -5  -6 -24
T   0  -8  -2  -8 -13  -5  -8  -4 -10  -5  -6  -6  -2  -9 -12   2   8 -12 -10  -3  -5  -6  -5 -24
W -10 -14 -13 -14 -22 -13 -14 -13 -10  -8  -6 -12 -10  -3 -16 -15 -12  11  -1  -6 -13 -13 -10 -24
Y -10 -11 -10 -14 -13 -11 -14 -12  -5  -9  -6 -14 -10   1 -15 -12 -10  -1   7  -8 -12 -13  -8 -24
V   0 -12 -11 -12 -14  -9 -12  -6 -13   5   3 -12  -2  -1 -13  -7  -3  -6  -8   5 -11  -9  -6 -24
B  -8  -9   5   6 -14  -4  -5  -8  -8 -12 -11  -7  -9 -13 -14  -2  -5 -13 -12 -11  11  -4  -7 -24
Z  -4 -11  -7  -6 -16  -6  -0  -2 -13 -11 -10 -11 -10 -12 -12  -5  -6 -13 -13  -9  -4  10  -7 -24
X  -6  -8  -7  -8 -12  -6  -9  -8  -9  -7  -6  -8  -7  -7 -11  -6  -5 -10  -8  -6  -7  -7   1 -24
* -24 -24 -24 -24 -24 -24 -24 -24 -24 -24 -24 -24 -24 -24 -24 -24 -24 -24 -24 -24 -24 -24 -24   1