# David Jimenez-Morales and Jie Liang
# Pattern of Amino Acid Substitution in Transmembrane Segments of Beta-Barrel Membrane Proteins
# bbTMout Matrix's Relative Entropy (Average Score per pair) -5.4316 bits
# Lowest score = -16 , Highest score = 25 
    A   R   N   D   C   Q   E   G   H   I   L   K   M   F   P   S   T   W   Y   V   B   Z   X
A   5 -12 -10 -12 -12 -11 -10   2 -12  -1  -1 -13  -5  -3  -8  -3   0  -8  -8   0 -11  -4  -6 
R -12  14  -7  -9 -12  -4  -8 -10  -6 -12 -12  -4 -12 -13 -14 -11  -8 -11  -8 -12  -8  -9  -8 
N -10  -7  13  -1 -12  -3  -8  -8  -7 -12 -12  -7  -8 -12 -14  -3  -3 -13 -10 -12   6  -8  -7 
D -12  -9  -1  14 -12  -7  -5  -8 -12 -13 -11  -6 -12 -13 -14  -8 -10 -13 -11 -13   7  -6  -8 
C -14 -13 -11 -12  25 -11 -11 -14 -14 -13 -14 -14 -14 -14 -13 -14 -12 -14 -11 -13 -11 -12 -11 
Q -11  -4  -3  -7 -10  12  -4 -11  -2 -12 -12  -6  -9 -11 -10  -7  -4 -10  -7 -11  -5  -7  -6 
E -10  -8  -8  -5 -12  -4  17 -10 -11 -12 -12 -12 -13 -12 -16 -11  -8 -13 -12 -11  -6   4  -9 
G   2 -10  -8  -8 -12 -11 -10   8 -13  -6  -6 -13  -8  -6  -9  -4  -3 -11 -10  -5  -8  -1  -7 
H -12  -6  -7 -12 -12  -2 -11 -13  13 -12 -11 -10 -12 -11 -14  -9 -11  -9  -5 -12  -9 -12  -8 
I  -1 -12 -12 -13 -12 -12 -12  -6 -12   4   2 -13  -2  -1 -12  -9  -5  -6  -7   3 -12  -9  -6 
L  -1 -12 -12 -11 -15 -12 -11  -6 -11   2   4 -13  -2   1 -11  -9  -5  -5  -6   2 -11  -8  -6 
K -13  -4  -7  -6 -12  -6 -12 -13 -10 -13 -13  14 -12 -12 -12 -10  -8 -13 -12 -13  -6 -12  -9 
M  -5 -12  -8 -12 -12  -9 -13  -8 -12  -2  -2 -12  12  -3 -13 -10  -4  -9  -9  -3 -10 -10  -7 
F  -3 -13 -12 -13 -12 -11 -12  -6 -11  -1   1 -12  -3   6 -10  -9  -8  -3  -1   0 -12  -9  -6 
P  -8 -14 -14 -14 -12 -10 -16  -9 -14 -12 -11 -12 -13 -10  12  -8  -9 -13 -15 -12 -14 -12 -10 
S  -3 -11  -3  -8 -12  -7 -11  -4  -9  -9  -9 -10 -10  -9  -8  11  -1 -12 -10  -8  -5  -7  -7 
T   0  -8  -3 -10 -12  -4  -8  -3 -11  -5  -5  -8  -4  -8  -9  -1   9 -11  -8  -3  -6  -5  -5 
W  -8 -11 -13 -13 -12 -10 -12 -11  -9  -6  -5 -13  -9  -3 -13 -12 -11   9   0  -5 -13 -11  -8 
Y  -8  -8 -10 -11 -12  -7 -12 -10  -5  -7  -6 -12  -9  -1 -15 -10  -8   0   6  -7 -10 -11  -7 
V   0 -12 -12 -13 -12 -11 -11  -5 -12   3   2 -13  -3   0 -12  -8  -3  -5  -7   3 -12  -8  -6 
B -11  -8   6   7 -11  -5  -6  -8  -9 -12 -11  -6 -10 -12 -14  -5  -6 -13 -10 -12  14  -5  -7 
Z  -4  -9  -8  -6 -12  -7   4  -1 -12  -9  -8 -12 -10  -9 -12  -7  -5 -11 -11  -8  -5  15  -7 
X  -6  -8  -7  -8 -11  -6  -9  -7  -8  -6  -6  -9  -7  -6 -10  -7  -5  -8  -7  -6  -7  -7  11 
