# David Jimenez-Morales and Jie Liang
# Pattern of Amino Acid Substitution in Transmembrane Segments of Beta-Barrel Membrane Proteins
# bbTMout Matrix's Relative Entropy (Average Score per pair) -8.5737 bits
# Lowest score = -20 , Highest score = 25 
    A   R   N   D   C   Q   E   G   H   I   L   K   M   F   P   S   T   W   Y   V   B   Z   X
A   7 -15 -14 -16 -15 -14 -12  -1 -15  -4  -4 -16  -8  -6 -11  -6  -2 -12 -11  -1 -15  -6  -8 
R -15  14 -10 -12 -15  -7 -11 -13  -8 -15 -15  -7 -15 -16 -17 -14 -10 -15 -11 -15 -11 -12 -11 
N -14 -10  13  -4 -15  -6 -11 -11 -10 -16 -15 -10 -11 -15 -17  -6  -5 -17 -13 -15   5 -11 -10 
D -16 -12  -4  14 -15  -9  -8 -11 -15 -16 -14  -9 -15 -16 -17 -11 -13 -17 -14 -16   5  -9 -11 
C -17 -16 -14 -15  25 -13 -14 -17 -17 -16 -18 -17 -17 -17 -16 -17 -15 -17 -14 -15 -14 -15 -13 
Q -14  -7  -6  -9 -13  12  -7 -15  -5 -15 -15  -9 -12 -14 -13 -10  -6 -13 -10 -14  -7 -11  -9 
E -12 -11 -11  -8 -15  -7  17 -13 -15 -16 -15 -15 -17 -15 -19 -14 -10 -16 -15 -14  -9   2 -12 
G  -1 -13 -11 -11 -15 -15 -13   8 -17 -11  -9 -16 -12 -10 -12  -7  -6 -14 -13  -9 -11  -2 -10 
H -15  -8 -10 -15 -15  -5 -15 -17  13 -15 -14 -13 -15 -15 -17 -12 -15 -12  -8 -16 -12 -16 -11 
I  -4 -15 -16 -16 -15 -15 -16 -11 -15   7   0 -17  -5  -4 -16 -13  -9 -10 -12   3 -16 -13  -9 
L  -4 -15 -15 -14 -20 -15 -15  -9 -14   0   5 -16  -4  -1 -14 -13  -8  -8  -9   1 -14 -12  -9 
K -16  -7 -10  -9 -15  -9 -15 -16 -13 -17 -16  15 -15 -15 -15 -13 -11 -16 -15 -16  -9 -15 -12 
M  -8 -15 -11 -15 -15 -12 -17 -12 -15  -5  -4 -15  12  -6 -17 -13  -7 -12 -12  -5 -13 -14 -10 
F  -6 -16 -15 -16 -15 -15 -15 -10 -15  -4  -1 -15  -6   7 -12 -12 -12  -6  -4  -3 -15 -12  -9 
P -11 -17 -17 -17 -15 -13 -19 -12 -17 -16 -14 -15 -17 -12  12 -11 -12 -16 -18 -16 -17 -15 -13 
S  -6 -14  -6 -11 -15 -10 -14  -7 -12 -13 -13 -13 -13 -12 -11  11  -3 -15 -13 -12  -8 -10 -10 
T  -2 -10  -5 -13 -15  -6 -10  -6 -15  -9  -8 -11  -7 -12 -12  -3   9 -14 -11  -6  -9  -8  -8 
W -12 -15 -17 -17 -15 -13 -15 -14 -12 -10  -8 -15 -12  -6 -16 -15 -14  10  -3  -8 -17 -14 -11 
Y -11 -11 -13 -14 -15 -10 -15 -13  -8 -12  -9 -15 -12  -4 -18 -13 -11  -3   6 -10 -13 -14 -10 
V  -1 -15 -15 -16 -15 -14 -14  -9 -16   3   1 -16  -5  -3 -16 -12  -6  -8 -10   5 -15 -11  -9 
B -15 -11   5   5 -14  -7  -9 -11 -12 -16 -14  -9 -13 -15 -17  -8  -9 -17 -13 -15  14  -8 -10 
Z  -6 -12 -11  -9 -15 -11   2  -2 -16 -13 -12 -15 -14 -12 -15 -10  -8 -14 -14 -11  -8  15 -10 
X  -8 -11 -10 -11 -13  -9 -12 -10 -11  -9  -9 -12 -10  -9 -13 -10  -8 -11 -10  -9 -10 -10  12 
