# David Jimenez-Morales and Jie Liang
# Pattern of Amino Acid Substitution in Transmembrane Segments of Beta-Barrel Membrane Proteins
# bbTMout Matrix's Relative Entropy (Average Score per pair) -7.3565 bits
# Lowest score = -18 , Highest score = 25 
    A   R   N   D   C   Q   E   G   H   I   L   K   M   F   P   S   T   W   Y   V   B   Z   X
A   6 -14 -13 -15 -14 -13 -11   0 -14  -2  -3 -15  -7  -5 -10  -5  -1 -11 -10   0 -14  -5  -7 
R -14  14  -9 -11 -14  -6 -10 -12  -7 -14 -14  -6 -14 -15 -16 -13  -9 -13 -10 -14 -10 -11 -10 
N -13  -9  13  -3 -14  -5 -10 -10  -9 -15 -14  -9 -10 -14 -16  -5  -4 -15 -12 -14   5 -10  -9 
D -15 -11  -3  14 -14  -8  -7 -10 -13 -15 -13  -8 -14 -15 -16  -9 -12 -15 -13 -15   6  -8 -10 
C -15 -14 -13 -14  25 -12 -13 -16 -16 -15 -17 -16 -16 -16 -14 -16 -14 -16 -13 -14 -13 -14 -12 
Q -13  -6  -5  -8 -12  12  -6 -13  -3 -14 -14  -8 -11 -13 -12  -9  -5 -12  -9 -13  -6  -9  -8 
E -11 -10 -10  -7 -14  -6  17 -12 -13 -14 -13 -14 -15 -14 -18 -13  -9 -14 -14 -13  -8   3 -10 
G   0 -12 -10 -10 -14 -13 -12   8 -15  -9  -8 -14 -11  -8 -11  -6  -5 -13 -12  -7 -10  -2  -9 
H -14  -7  -9 -13 -14  -3 -13 -15  13 -14 -13 -12 -14 -14 -16 -11 -13 -11  -7 -15 -11 -14 -10 
I  -2 -14 -15 -15 -14 -14 -14  -9 -14   6   1 -15  -4  -3 -15 -12  -7  -9 -10   3 -15 -11  -8 
L  -3 -14 -14 -13 -18 -14 -13  -8 -13   1   4 -15  -3   0 -13 -12  -7  -7  -8   2 -13 -10  -8 
K -15  -6  -9  -8 -14  -8 -14 -14 -12 -15 -15  14 -14 -14 -14 -12 -10 -14 -14 -15  -8 -14 -11 
M  -7 -14 -10 -14 -14 -11 -15 -11 -14  -4  -3 -14  12  -5 -15 -12  -6 -11 -11  -4 -12 -13  -9 
F  -5 -15 -14 -15 -14 -13 -14  -8 -14  -3   0 -14  -5   7 -11 -11 -10  -5  -3  -2 -14 -11  -8 
P -10 -16 -16 -16 -14 -12 -18 -11 -16 -15 -13 -14 -15 -11  12 -10 -11 -14 -17 -14 -16 -14 -12 
S  -5 -13  -5  -9 -14  -9 -13  -6 -11 -12 -12 -11 -12 -11 -10  11  -2 -14 -12 -10  -7  -9  -9 
T  -1  -9  -4 -12 -14  -5  -9  -5 -13  -7  -7 -10  -6 -10 -11  -2   9 -13 -10  -5  -8  -7  -7 
W -11 -13 -15 -15 -14 -12 -14 -13 -11  -9  -7 -14 -11  -5 -14 -14 -13   9  -2  -7 -15 -13 -10 
Y -10 -10 -12 -13 -14  -9 -14 -12  -7 -10  -8 -14 -11  -3 -17 -12 -10  -2   6  -9 -12 -13  -9 
V   0 -14 -14 -15 -14 -13 -13  -7 -15   3   2 -15  -4  -2 -14 -10  -5  -7  -9   4 -14 -10  -8 
B -14 -10   5   6 -13  -6  -8 -10 -11 -15 -13  -8 -12 -14 -16  -7  -8 -15 -12 -14  14  -7  -9 
Z  -5 -11 -10  -8 -14  -9   3  -2 -14 -11 -10 -14 -13 -11 -14  -9  -7 -13 -13 -10  -7  15  -9 
X  -7 -10  -9 -10 -12  -8 -10  -9 -10  -8  -8 -11  -9  -8 -12  -9  -7 -10  -9  -8  -9  -9  11 
