# David Jimenez-Morales and Jie Liang
# Pattern of Amino Acid Substitution in Transmembrane Segments of Beta-Barrel Membrane Proteins
# bbTMout Matrix's Relative Entropy (Average Score per pair) -13.5306 bits
# Lowest score = -24 , Highest score = 25 
    A   R   N   D   C   Q   E   G   H   I   L   K   M   F   P   S   T   W   Y   V   B   Z   X
A   7 -21 -20 -22 -20 -20 -17  -5 -21 -10  -9 -22 -13 -11 -16 -10  -7 -17 -16  -5 -21 -11 -13 
R -20  14 -15 -17 -20 -12 -16 -18 -13 -20 -20 -12 -21 -22 -22 -19 -15 -20 -16 -20 -16 -17 -16 
N -20 -15  13  -9 -20 -11 -16 -16 -15 -22 -20 -15 -16 -21 -22 -11 -10 -22 -18 -20   2 -16 -15 
D -22 -17  -9  14 -20 -14 -13 -16 -20 -22 -19 -14 -20 -22 -22 -16 -18 -22 -19 -22   3 -14 -16 
C -22 -21 -19 -20  25 -18 -19 -22 -22 -22 -24 -22 -22 -22 -21 -22 -20 -22 -19 -20 -19 -20 -18 
Q -20 -12 -11 -14 -18  12 -12 -20  -9 -20 -20 -14 -17 -20 -18 -16 -11 -18 -15 -19 -12 -16 -14 
E -17 -16 -16 -13 -20 -12  17 -18 -20 -21 -20 -21 -22 -21 -24 -19 -15 -21 -21 -19 -14  -0 -16 
G  -5 -18 -16 -16 -20 -20 -18   8 -22 -18 -15 -21 -18 -15 -17 -12 -11 -20 -18 -16 -16  -5 -15 
H -21 -13 -15 -20 -20  -9 -20 -22  13 -20 -19 -18 -21 -20 -22 -17 -20 -17 -13 -22 -17 -21 -16 
I -10 -20 -22 -22 -20 -20 -21 -18 -20   8  -4 -22 -10  -9 -22 -19 -16 -16 -18   0 -22 -19 -15 
L  -9 -20 -20 -19 -23 -20 -20 -15 -19  -4   6 -21  -9  -5 -19 -18 -14 -13 -14  -3 -19 -17 -13 
K -22 -12 -15 -14 -20 -14 -21 -21 -18 -22 -21  15 -20 -20 -20 -18 -16 -21 -20 -22 -14 -21 -17 
M -13 -21 -16 -20 -20 -17 -22 -18 -20 -10  -9 -20  12 -11 -22 -18 -12 -18 -18 -11 -18 -20 -15 
F -11 -22 -20 -22 -20 -20 -21 -15 -20  -9  -5 -20 -11   8 -17 -18 -18 -11  -8  -8 -21 -18 -14 
P -16 -22 -22 -22 -20 -18 -24 -17 -22 -22 -19 -20 -22 -17  12 -16 -17 -21 -24 -21 -22 -20 -18 
S -10 -19 -11 -16 -20 -16 -19 -12 -17 -19 -18 -18 -18 -18 -16  11  -8 -21 -18 -17 -13 -15 -15 
T  -7 -15 -10 -18 -20 -11 -15 -11 -20 -16 -14 -16 -12 -18 -17  -8   9 -20 -16 -10 -14 -13 -13 
W -17 -20 -22 -22 -20 -18 -21 -20 -17 -16 -13 -21 -18 -11 -21 -21 -20  10  -8 -13 -22 -20 -16 
Y -16 -16 -18 -19 -20 -15 -21 -18 -13 -18 -14 -20 -18  -8 -24 -18 -16  -8   6 -16 -18 -19 -15 
V  -5 -21 -20 -22 -20 -19 -19 -16 -22   0  -3 -22 -11  -8 -21 -17 -10 -13 -16   7 -21 -17 -13 
B -21 -16   2   3 -19 -12 -14 -16 -17 -22 -19 -14 -18 -21 -22 -13 -14 -22 -18 -21  14 -13 -15 
Z -11 -17 -16 -14 -20 -16  -0  -5 -21 -19 -17 -21 -20 -18 -20 -15 -13 -20 -19 -17 -13  15 -15 
X -13 -16 -15 -16 -18 -14 -16 -15 -16 -15 -13 -17 -15 -14 -18 -15 -13 -16 -15 -13 -15 -15  12 
