# David Jimenez-Morales and Jie Liang
# Pattern of Amino Acid Substitution in Transmembrane Segments of Beta-Barrel Membrane Proteins
# bbTMout Matrix's Relative Entropy (Average Score per pair) -6.4935 bits
# Lowest score = -17 , Highest score = 25 
    A   R   N   D   C   Q   E   G   H   I   L   K   M   F   P   S   T   W   Y   V   B   Z   X
A   6 -13 -12 -14 -13 -12 -10   1 -13  -1  -2 -14  -6  -4  -9  -4  -1  -9  -9   0 -13  -4  -6 
R -13  14  -8 -10 -13  -5  -9 -11  -6 -13 -13  -5 -13 -14 -15 -12  -9 -12  -9 -13  -9 -10  -9 
N -12  -8  13  -2 -13  -4  -9  -9  -8 -14 -13  -8  -9 -13 -15  -4  -4 -14 -11 -13   6  -9  -8 
D -14 -10  -2  14 -13  -7  -6  -9 -13 -14 -12  -7 -13 -14 -15  -9 -11 -15 -12 -14   6  -7  -9 
C -15 -14 -12 -13  25 -11 -12 -15 -15 -14 -16 -15 -15 -15 -14 -15 -13 -15 -12 -14 -12 -13 -12 
Q -12  -5  -4  -7 -11  12  -5 -12  -3 -13 -13  -7 -10 -12 -11  -8  -4 -11  -8 -12  -5  -8  -7 
E -10  -9  -9  -6 -13  -5  17 -11 -13 -13 -13 -13 -14 -13 -17 -12  -9 -14 -13 -12  -7   3 -10 
G   1 -11  -9  -9 -13 -12 -11   8 -14  -8  -7 -14 -10  -7 -10  -5  -4 -12 -11  -6  -9  -1  -8 
H -13  -6  -8 -13 -13  -3 -13 -14  13 -13 -12 -11 -13 -12 -15 -10 -12 -10  -6 -13 -10 -13  -9 
I  -1 -13 -14 -14 -13 -13 -13  -8 -13   5   2 -14  -3  -2 -14 -10  -6  -7  -9   4 -14 -10  -7 
L  -2 -13 -13 -12 -17 -13 -13  -7 -12   2   4 -14  -2   0 -12 -10  -6  -6  -7   2 -12 -10  -7 
K -14  -5  -8  -7 -13  -7 -13 -14 -11 -14 -14  14 -13 -13 -13 -11  -9 -14 -13 -14  -7 -13 -10 
M  -6 -13  -9 -13 -13 -10 -14 -10 -13  -3  -2 -13  12  -4 -14 -11  -5 -10 -10  -3 -11 -12  -8 
F  -4 -14 -13 -14 -13 -12 -13  -7 -12  -2   0 -13  -4   6 -11 -10  -9  -4  -2  -1 -13 -10  -7 
P  -9 -15 -15 -15 -13 -11 -17 -10 -15 -14 -12 -13 -14 -11  12  -9 -10 -14 -16 -13 -15 -13 -11 
S  -4 -12  -4  -9 -13  -8 -12  -5 -10 -10 -10 -11 -11 -10  -9  11  -1 -13 -11  -9  -6  -8  -8 
T  -1  -9  -4 -11 -13  -4  -9  -4 -12  -6  -6  -9  -5  -9 -10  -1   9 -12  -9  -4  -7  -6  -6 
W  -9 -12 -14 -15 -13 -11 -13 -12 -10  -7  -6 -13 -10  -4 -14 -13 -12   9  -1  -6 -14 -12  -9 
Y  -9  -9 -11 -12 -13  -8 -13 -11  -6  -9  -7 -13 -10  -2 -16 -11  -9  -1   6  -8 -11 -12  -8 
V   0 -13 -13 -14 -13 -12 -12  -6 -13   4   2 -14  -3  -1 -13  -9  -4  -6  -8   4 -13  -9  -7 
B -13  -9   6   6 -12  -5  -7  -9 -10 -14 -12  -7 -11 -13 -15  -6  -7 -14 -11 -13  14  -6  -8 
Z  -4 -10  -9  -7 -13  -8   3  -1 -13 -10 -10 -13 -12 -10 -13  -8  -6 -12 -12  -9  -6  15  -8 
X  -6  -9  -8  -9 -12  -7 -10  -8  -9  -7  -7 -10  -8  -7 -11  -8  -6  -9  -8  -7  -8  -8  11 
