# bbTMout
# Lowest score = -16 , Highest score = 25
A R N D C Q E G H I L K M F P S T W Y V B Z X *
A 600 -1200 -1100 -1300 -1200 -1100 -1000 100 -1300 -100 -100 -1300 -500 -300 -800 -300 000 -900 -800 000 -1200 -400 -600 -1600
R -1200 1400 -700 -900 -1200 -500 -800 -1000 -600 -1200 -1200 -400 -1300 -1300 -1400 -1100 -800 -1200 -800 -1200 -800 -900 -800 -1600
N -1100 -700 1300 -100 -1200 -300 -800 -900 -700 -1300 -1200 -700 -800 -1200 -1400 -300 -300 -1400 -1000 -1200 600 -800 -700 -1600
D -1300 -900 -100 1400 -1200 -700 -500 -800 -1200 -1300 -1100 -600 -1200 -1300 -1400 -800 -1100 -1400 -1100 -1300 700 -600 -800 -1600
C -1400 -1300 -1100 -1200 2500 -1100 -1100 -1400 -1400 -1400 -1500 -1400 -1400 -1400 -1300 -1400 -1200 -1400 -1100 -1300 -1100 -1200 -1100 -1600
Q -1100 -500 -300 -700 -1000 1200 -400 -1200 -200 -1200 -1200 -600 -900 -1200 -1000 -800 -400 -1000 -800 -1100 -500 -800 -700 -1600
E -1000 -800 -800 -500 -1200 -400 1700 -1100 -1200 -1200 -1200 -1300 -1400 -1200 -1600 -1100 -800 -1300 -1300 -1100 -600 300 -900 -1600
G 100 -1000 -900 -800 -1200 -1200 -1100 800 -1400 -600 -600 -1300 -900 -700 -900 -400 -300 -1100 -1000 -500 -800 -100 -700 -1600
H -1300 -600 -700 -1200 -1200 -200 -1200 -1400 1300 -1200 -1200 -1000 -1300 -1100 -1400 -900 -1200 -900 -500 -1300 -900 -1300 -900 -1600
I -100 -1200 -1300 -1300 -1300 -1200 -1200 -600 -1200 500 200 -1400 -300 -100 -1300 -900 -500 -600 -800 300 -1300 -900 -700 -1600
L -100 -1200 -1200 -1100 -1500 -1200 -1200 -600 -1200 200 400 -1300 -200 100 -1100 -900 -500 -500 -600 200 -1100 -900 -600 -1600
K -1300 -400 -700 -600 -1200 -600 -1300 -1300 -1000 -1400 -1300 1400 -1200 -1200 -1200 -1000 -900 -1300 -1200 -1300 -600 -1300 -900 -1600
M -500 -1300 -800 -1200 -1200 -900 -1400 -900 -1300 -300 -200 -1200 1200 -300 -1300 -1000 -400 -900 -900 -300 -1000 -1100 -700 -1600
F -300 -1300 -1200 -1300 -1200 -1200 -1200 -700 -1100 -100 100 -1200 -300 600 -1000 -1000 -800 -300 -200 000 -1200 -900 -600 -1600
P -800 -1400 -1400 -1400 -1200 -1000 -1600 -900 -1400 -1300 -1100 -1200 -1400 -1000 1200 -800 -900 -1300 -1500 -1200 -1400 -1200 -1000 -1600
S -300 -1100 -300 -800 -1200 -800 -1100 -400 -900 -900 -900 -1000 -1000 -1000 -800 1100 -100 -1200 -1100 -800 -500 -700 -700 -1600
T 000 -800 -300 -1100 -1200 -400 -800 -300 -1200 -500 -500 -900 -400 -800 -900 -100 900 -1100 -800 -300 -700 -500 -500 -1600
W -900 -1200 -1400 -1400 -1200 -1000 -1300 -1100 -900 -600 -500 -1300 -900 -300 -1300 -1200 -1100 900 -100 -500 -1400 -1200 -800 -1600
Y -800 -800 -1000 -1100 -1200 -800 -1300 -1000 -500 -800 -600 -1200 -900 -200 -1500 -1100 -800 -100 600 -700 -1000 -1100 -700 -1600
V 000 -1200 -1200 -1300 -1300 -1100 -1100 -500 -1300 300 200 -1300 -300 000 -1200 -800 -300 -500 -700 400 -1200 -800 -600 -1600
B -1200 -800 600 700 -1100 -500 -600 -800 -900 -1300 -1100 -600 -1000 -1200 -1400 -500 -700 -1400 -1000 -1200 1400 -500 -800 -1600
Z -400 -900 -800 -600 -1200 -800 300 -100 -1300 -900 -900 -1300 -1100 -900 -1200 -700 -500 -1200 -1100 -800 -500 1500 -800 -1600
X -600 -800 -700 -800 -1100 -700 -900 -700 -900 -700 -600 -900 -700 -600 -1000 -700 -500 -800 -700 -600 -800 -800 100 -1600
* -1600 -1600 -1600 -1600 -1600 -1600 -1600 -1600 -1600 -1600 -1600 -1600 -1600 -1600 -1600 -1600 -1600 -1600 -1600 -1600 -1600 -1600 -1600 100
