# Q_in: Substitution rate values for the subset of residues from the transmembrane segments facing the interior of the barrel
# Unit: q_ij x 10^-04
S T N Q D E R K H C P G W Y F V I L A M
S -187.806 76.525 25.615 5.620 4.276 2.347 3.360 1.567 1.069 0.270 0.513 19.043 0.493 0.397 0.681 2.342 0.885 0.796 37.999 4.010
T 76.525 -146.250 9.066 4.168 1.006 1.433 1.399 2.166 0.536 0.130 0.232 1.416 0.204 1.582 1.434 12.145 3.521 1.788 22.943 4.557
N 25.615 9.066 -64.924 3.878 9.932 0.719 0.825 2.727 1.206 0.145 0.225 3.216 0.330 0.763 0.216 0.630 0.192 0.901 3.060 1.279
Q 5.620 4.168 3.878 -56.578 3.627 19.786 3.569 5.042 1.264 0.165 0.180 0.538 0.203 0.584 0.282 1.558 1.307 2.204 1.796 0.809
D 4.276 1.006 9.932 3.627 -41.038 14.389 0.352 0.291 0.207 0.048 0.136 2.966 0.159 0.248 0.383 0.482 0.134 0.893 1.136 0.372
E 2.347 1.433 0.719 19.786 14.389 -47.877 0.356 0.428 0.168 0.220 0.278 1.002 0.443 0.311 0.203 1.886 0.184 0.440 2.496 0.788
R 3.360 1.399 0.825 3.569 0.352 0.356 -23.582 7.702 1.449 0.174 0.076 0.876 0.085 0.302 0.587 0.717 0.220 0.692 0.664 0.178
K 1.567 2.166 2.727 5.042 0.291 0.428 7.702 -23.477 0.272 0.050 0.139 0.398 0.162 0.101 0.117 0.226 0.307 0.561 1.084 0.138
H 1.069 0.536 1.206 1.264 0.207 0.168 1.449 0.272 -7.364 0.012 0.018 0.242 0.040 0.344 0.060 0.075 0.045 0.193 0.134 0.031
C 0.270 0.130 0.145 0.165 0.048 0.220 0.174 0.050 0.012 -1.861 0.007 0.150 0.016 0.181 0.029 0.067 0.019 0.038 0.118 0.020
P 0.513 0.232 0.225 0.180 0.136 0.278 0.076 0.139 0.018 0.007 -3.094 0.234 0.066 0.116 0.053 0.065 0.038 0.087 0.593 0.039
G 19.043 1.416 3.216 0.538 2.966 1.002 0.876 0.398 0.242 0.150 0.234 -83.068 0.331 0.302 0.268 0.616 0.337 0.561 50.062 0.509
W 0.493 0.204 0.330 0.203 0.159 0.443 0.085 0.162 0.040 0.016 0.066 0.331 -3.887 0.737 0.111 0.063 0.052 0.132 0.188 0.071
Y 0.397 1.582 0.763 0.584 0.248 0.311 0.302 0.101 0.344 0.181 0.116 0.302 0.737 -28.516 21.291 0.310 0.246 0.265 0.259 0.178
F 0.681 1.434 0.216 0.282 0.383 0.203 0.587 0.117 0.060 0.029 0.053 0.268 0.111 21.291 -29.099 0.302 0.356 1.117 0.427 1.184
V 2.342 12.145 0.630 1.558 0.482 1.886 0.717 0.226 0.075 0.067 0.065 0.616 0.063 0.310 0.302 -53.401 15.204 7.038 8.938 0.737
I 0.885 3.521 0.192 1.307 0.134 0.184 0.220 0.307 0.045 0.019 0.038 0.337 0.052 0.246 0.356 15.204 -28.079 2.607 1.458 0.967
L 0.796 1.788 0.901 2.204 0.893 0.440 0.692 0.561 0.193 0.038 0.087 0.561 0.132 0.265 1.117 7.038 2.607 -32.970 7.617 5.037
A 37.999 22.943 3.060 1.796 1.136 2.496 0.664 1.084 0.134 0.118 0.593 50.062 0.188 0.259 0.427 8.938 1.458 7.617 -143.667 2.696
M 4.010 4.557 1.279 0.809 0.372 0.788 0.178 0.138 0.031 0.020 0.039 0.509 0.071 0.178 1.184 0.737 0.967 5.037 2.696 -23.602