# Q_out: Substitution rate values for the subset of residues from the transmembrane segments facing the lipid environment
# Scaling factor: q_ij x 10^-04
S T N Q D E R K H C P G W Y F V I L A M
S -21.741 7.444 1.569 0.392 0.295 0.075 0.095 0.141 0.236 0.026 0.314 2.878 0.107 0.485 0.459 0.565 0.226 0.585 5.694 0.155
T 7.444 -56.860 3.098 2.569 0.184 0.462 0.531 0.388 0.134 0.101 0.381 4.389 0.192 1.209 0.348 7.530 0.574 3.180 22.296 1.852
N 1.569 3.098 -11.638 1.381 2.049 0.157 0.276 0.263 0.339 0.043 0.036 0.576 0.062 0.534 0.158 0.198 0.081 0.372 0.181 0.264
Q 0.392 2.569 1.381 -12.734 0.390 0.783 0.825 0.421 2.395 0.070 0.168 0.189 0.205 1.428 0.223 0.415 0.131 0.288 0.253 0.206
D 0.295 0.184 2.049 0.390 -5.754 0.297 0.103 0.273 0.056 0.022 0.030 0.618 0.056 0.366 0.100 0.126 0.075 0.540 0.114 0.058
E 0.075 0.462 0.157 0.783 0.297 -3.888 0.104 0.020 0.042 0.011 0.011 0.227 0.074 0.209 0.139 0.357 0.068 0.346 0.483 0.022
R 0.095 0.531 0.276 0.825 0.103 0.104 -5.535 0.546 0.463 0.019 0.031 0.293 0.115 1.108 0.101 0.191 0.153 0.362 0.173 0.045
K 0.141 0.388 0.263 0.421 0.273 0.020 0.546 -3.532 0.092 0.010 0.056 0.121 0.082 0.290 0.196 0.124 0.074 0.267 0.113 0.055
H 0.236 0.134 0.339 2.395 0.056 0.042 0.463 0.092 -8.410 0.017 0.036 0.088 0.312 3.050 0.158 0.132 0.163 0.465 0.180 0.053
C 0.026 0.101 0.043 0.070 0.022 0.011 0.019 0.010 0.017 -1.396 0.029 0.072 0.046 0.340 0.089 0.231 0.065 0.085 0.104 0.019
P 0.314 0.381 0.036 0.168 0.030 0.011 0.031 0.056 0.036 0.029 -3.905 0.452 0.096 0.077 0.484 0.134 0.083 0.470 0.978 0.037
G 2.878 4.389 0.576 0.189 0.618 0.227 0.293 0.121 0.088 0.072 0.452 -62.493 0.234 0.725 1.682 0.933 0.408 2.405 45.843 0.359
W 0.107 0.192 0.062 0.205 0.056 0.074 0.115 0.082 0.312 0.046 0.096 0.234 -34.252 18.012 5.363 3.532 0.550 4.395 0.595 0.223
Y 0.485 1.209 0.534 1.428 0.366 0.209 1.108 0.290 3.050 0.340 0.077 0.725 18.012 -55.681 19.511 1.881 0.600 3.807 1.434 0.615
F 0.459 0.348 0.158 0.223 0.100 0.139 0.101 0.196 0.158 0.089 0.484 1.682 5.363 19.511 -136.508 21.602 9.725 65.440 7.203 3.528
V 0.565 7.530 0.198 0.415 0.126 0.357 0.191 0.124 0.132 0.231 0.134 0.933 3.532 1.881 21.602 -548.101 275.106 168.339 61.303 5.402
I 0.226 0.574 0.081 0.131 0.075 0.068 0.153 0.074 0.163 0.065 0.083 0.408 0.550 0.600 9.725 275.106 -381.698 81.834 7.808 3.972
L 0.585 3.180 0.372 0.288 0.540 0.346 0.362 0.267 0.465 0.085 0.470 2.405 4.395 3.807 65.440 168.339 81.834 -365.387 16.480 15.727
A 5.694 22.296 0.181 0.253 0.114 0.483 0.173 0.113 0.180 0.104 0.978 45.843 0.595 1.434 7.203 61.303 7.808 16.480 -173.182 1.947
M 0.155 1.852 0.264 0.206 0.058 0.022 0.045 0.055 0.053 0.019 0.037 0.359 0.223 0.615 3.528 5.402 3.972 15.727 1.947 -34.540